201839
201855
201870
201875
201898
202455
202470
202480
202495
202503
202505
202527
202552
202556
202559
203208
203244
203286
203292
203296
203297
203301
203302
203303
203307
207209
207358
207370
207518
207619
208219
208228
208242
208244
208254
208336
208352
208358
208366
208398
209200
209213
209214
209215
209227
209229
209243
209245
209250
209253
210255
210270
210272
210281
210338
210343
210370
210390
210418
210429
210998
212202
212203
212209
212229
212235
212256
212257
212352
212361
212367
213245
213255
213260
213283
213290
213316
213342
213373
213394
213454
214216
214233
214234
214253
214296
214326
214329
214348
214380
214390
215240
215243
215253
215259
215273
215305
215315
215385
215469
216202
216206
216220
216223
216245
216264
216273
216298
216365
216367
217215
217236
217247
217253
217267
217279
217303
217383
217398
217469
218208
218209
218212
218231
218234
218248
218260
218262
218270
218275
219202
219207
219224
219230
219237
219246
219250
219256
219262
219285
224202
224207
224212
224216
224217
224223
224225
224236
224241
224244
225238
225244
225245
225255
225257
225258
225267
225271
225283
225286
225910
228205
228206
228207
228215
228220
228222
228265
228283
228284
228285
231225
231238
231242
231245
231268
231287
231335
231345
231373
231398
234200
234206
234207
234222
234248
234249
234380
234421
234517
234542
239204
239205
239206
239214
239217
239220
239234
239243
239244
239245
240206
240210
240230
240232
240241
240242
240244
240257
240271
240273
248213
248215
248220
248238
248266
248270
248277
248329
248340
248383
250395
251202
251207
251210
251216
251219
251241
251263
251272
251279
251289
253200
253214
253218
253220
253234
253237
253245
253248
253254
253271
254203
254227
254230
254236
254255
254304
254307
254340
254433
254449
256207
256246
256248
256251
256258
256262
256272
256273
256274
256275
260201
260204
260207
260215
260218
260220
260225
260226
260227
260229
262220
262221
262229
262235
262236
262238
262290
262292
262297
262298
267209
267217
267223
267270
267281
267298
267338
267343
267348
267392
269205
269216
269240
269245
269248
269252
269262
269281
269312
269339
301200
301244
301246
301259
301278
301288
301302
301304
301323
301327
302261
302265
302272
302283
302289
302294
302298
302319
302364
302365
303219
303223
303225
303227
303309
303335
303351
303378
303395
303416
310359
310361
310400
310402
310421
310425
310431
310439
310494
310513
312278
312281
312283
312285
312298
312324
312344
312361
312373
312379
312380
312429
312436
312469
312476
312477
312488
312489
312554
312569
312574
312612
312629
312650
312685
312715
312725
312765
312768
312772
312798
312834
312841
312854
312857
312869
312870
312880
312884
312899
312945
312962
312970
312985
312999
323201
352200
405225
405237
405240
405254
405259
405261
405265
405277
405279
405281
408345
408357
408372
408384
408389
408409
408418
408454
408458
408459
415236
415273
415294
415300
415322
415323
415326
415343
415347
415355
480270
480331
480359
480374
480382
480389
480420
480422
480442
480447
800236
800238
800239
800246
800259
800269
800279
800284
800298
800317
801210
801214
801215
801252
801335
801410
801430
801436
801438
801448
833204
833205
833206
833209
833211
833212
833215
833216
833225
833236
844204
844205
844206
844209
844211
844212
844215
844216
844225
844236
855204
855205
855206
855209
855211
855212
855215
855216
855225
855236
866222
866223
866255
866272
866276
866292
866303
866304
866309
866312
877230
877238
877240
877241
877242
877254
877261
877267
877270
877284
888200
888212
888240
888277
888298
888315
888325
888341
888358
888359
888360
888362
888365
888372
888379
888387
888388
888392
888417
888422
888423
888430
888444
888482
888487
888494
888504
888524
888530
888538
888547
888548
888572
888574
888596
888606
888621
888635
888643
888647
888651
888662
888665
888680
888690
888702
888705
888710
888717
888720
888737
888748
888766
888770
888785
888786
888791
888802
888803
888815
888818
888828
888836
888839
888840
888841
888842
888845
888853
888854
888855
888867
888868
888874
888880
888884
888885
888892
888896
888899
888905
888906
888922
914269
914288
914295
914296
914297
914315
914338
914341
914355
914361
915209
915219
915224
915235
915243
915247
915248
915255
915317
915412
916238
916241
916251
916252
916258
916259
916270
916273
916281
916287
917267
917268
917284
917300
917310
917338
917397
917472
917475
917503
919228
919229
919234
919241
919249
919283
919289
919295
919300
919335
978331
978344
978347
978352
978378
978381
978393
978396
978403
978415
980277
980354
980428
980522
980581
985327
985377
985412
985441
985465
985466
985502
985590
985606
985720
989455
989488
989494
989502
989544
989569
989572
989630
989652
989750
